3|1|1|2|5|dssd
3|1|2|2|5|dssd
2|1|2|2|4|macka
2|5|1|1|5|dssd
2|1|1|2|5|dadadad
2|1|4|2|5|macka2
2|1|4|2|5|macka2
3|1|1|1|5|dssd
3|1|1|1|5|dssd
3|1|1|1|5|dssd
3|1|1|1|5|dssd
3|1|1|1|5|dssd
3|1|1|1|5|dssd
3|1|1|1|5|dssd
3|1|1|1|5|dssd
3|1|1|1|5|dssd
3|1|1|1|5|dssd
3|1|1|1|5|dssd
3|1|1|1|5|dssd
3|1|1|1|5|dssd
3|1|1|1|5|dssd
3|1|1|1|5|dssd
3|1|1|1|5|dssd
3|1|1|1|5|dssd
3|1|1|1|5|dssd
3|1|1|1|5|dssd
3|1|1|1|5|dssd
3|1|1|1|5|dssd
3|1|1|1|1|dssd
3|1|1|1|1|dssd
3|1|1|1|1|dssd
3|1|1|1|1|dssd
3|1|1|1|1|dssd
3|1|1|1|1|dssd
3|1|1|1|1|dssd
3|1|1|1|1|dssd
3|1|1|1|1|dssd
3|1|1|1|1|dssd
3|1|1|1|1|dssd
3|1|1|1|1|dssd
3|1|1|1|1|dssd
3|1|1|1|1|dssd
3|1|1|1|1|dssd
3|1|1|1|1|dssd
3|1|1|1|1|dssd
3|1|1|1|1|dssd
3|1|1|1|1|dssd
3|1|1|1|1|dssd
3|1|1|1|1|dssd
3|1|1|1|1|dssd
3|1|1|1|1|dssd
3|1|1|1|1|dssd
3|1|1|1|1|dssd
3|1|1|1|1|dssd
3|1|1|1|1|dssd
